image: ./map-v4.pgm
resolution: 0.050000
origin: [-2.035484, -4.599950, 0.000000]
negate: 0
occupied_thresh: 0.65
free_thresh: 0.196

